OpenCV Calibration for Baslar Downward
('D = ', [-3.1299895403291944e-05, 7.957275788511201e-06, 8.312781168555634e-06, 6.964821802673701e-06, 0.0])
('K = ', [298.4846198102019, 0.0, 639.4041529203298, 0.0, 298.473312268872, 479.5508547627486, 0.0, 0.0, 1.0])
('R = ', [1.0, 0.0, 0.0, 0.0, 1.0, 0.0, 0.0, 0.0, 1.0])
('P = ', [298.5481262207031, 0.0, 639.4386116859096, 0.0, 0.0, 298.537841796875, 479.5816915373143, 0.0, 0.0, 0.0, 1.0, 0.0])
None
# oST version 5.0 parameters


[image]

width
1280

height
960

[narrow_stereo]

camera matrix
298.484620 0.000000 639.404153
0.000000 298.473312 479.550855
0.000000 0.000000 1.000000

distortion
-0.000031 0.000008 0.000008 0.000007 0.000000

rectification
1.000000 0.000000 0.000000
0.000000 1.000000 0.000000
0.000000 0.000000 1.000000

projection
298.548126 0.000000 639.438612 0.000000
0.000000 298.537842 479.581692 0.000000
0.000000 0.000000 1.000000 0.000000

